1334905016533	0,0930
1334905017541	0,4023
1334905018542	0,1870
1334905020072	0,2549
1334905021075	0,5598
1334905022088	0,1232
1334905023103	0,0461
1334905024104	0,0468
1334905025105	0,0467
1334905026107	0,0467
1334905027108	0,0312
1334905028110	0,0312
1334905029115	0,0466
1334905030117	0,0467
1334905031121	0,0311
1334905032166	0,0597
1334905033167	0,0623
1334905034175	0,0619
1334905035176	0,0312
1334905036178	0,0623
1334905037181	0,0311
1334905038200	0,0306
1334905039202	0,0623
1334905040204	0,0311
1334905041252	0,0298
1334905042254	0,0311
1334905043302	0,0447
1334905044304	0,0311
1334905045308	0,0311
1334905046309	0,0000
1334905047312	0,0000
1334905048355	0,0150
1334905049359	0,0155
1334905050361	0,0623
1334905051405	0,0299
1334905052406	0,0156
1334905053410	0,0155
1334905054412	0,0311
1334905055414	0,0311
1334905056455	0,0300
1334905057457	0,0467
1334905058461	0,0311
1334905059463	0,0311
1334905060467	0,0311
1334905061505	0,0301
1334905062509	0,0311
1334905063512	0,0311
1334905064520	0,0155
1334905065530	0,0154
1334905066558	0,0304
1334905067560	0,0311
1334905068563	0,0311
1334905069571	0,0464
1334905070574	0,0311
1334905071575	0,0312
1334905072578	0,0156
1334905073584	0,0310
1334905074591	0,0155
1334905075609	0,0306
1334905076611	0,0311
1334905077634	0,0305
1334905078635	0,0156
1334905079637	0,0311
1334905080641	0,0311
1334905081642	0,0156
1334905082662	0,0306
1334905083664	0,0311
1334905084672	0,0310
1334905085675	0,0311
1334905086694	0,0306
1334905087698	0,0155
1334905088703	0,0155
1334905089704	0,0468
1334905090705	0,0312
1334905091714	0,0309
1334905092727	0,0154
1334905093744	0,0307
1334905094749	0,0310
1334905095752	0,0311
1334905096756	0,0155
1334905097767	0,0309
1334905098768	0,0468
1334905099769	0,0312
1334905100772	0,0156
1334905101780	0,0310
1334905102798	0,0306
1334905103806	0,0155
1334905104811	0,0310
1334905105828	0,0307
1334905106833	0,0310
1334905107851	0,0153
1334905108853	0,0000
1334905109854	0,0156
1334905110872	0,0306
1334905111873	0,0000
1334905112874	0,0000
1334905113890	0,0307
1334905114901	0,0154
1334905115906	0,0155
1334905116907	0,0312
1334905117908	0,0312
1334905118909	0,0156
1334905119910	0,0156
1334905120911	0,0312
1334905121912	0,0312
1334905122913	0,0312
1334905123914	0,0312
1334905124915	0,0156
1334905125926	0,0154
1334905126930	0,0155
1334905127943	0,0154
1334905128944	0,0312
1334905129945	0,0312
1334905130946	0,0312
1334905131947	0,0312
1334905132953	0,0155
1334905133972	0,0306
1334905134973	0,0312
1334905135975	0,0623
1334905136989	0,0154
1334905137990	0,0156
1334905138996	0,0155
1334905139999	0,0311
1334905141003	0,0155
1334905142005	0,0311
1334905143027	0,0153
1334905144030	0,0311
1334905145039	0,0155
1334905146040	0,0156
1334905147049	0,0000
1334905148054	0,0155
1334905149055	0,0312
1334905150057	0,0468
1334905151081	0,0152
1334905152082	0,0312
1334905153083	0,0312
1334905154090	0,0310
1334905155091	0,0312
1334905156092	0,0311
1334905157106	0,0308
1334905158109	0,0156
1334905159110	0,0000
1334905160111	0,0156
1334905161134	0,0305
1334905162135	0,0468
1334905163136	0,0156
1334905164147	0,0309
1334905165148	0,0156
1334905166149	0,0312
1334905167156	0,0310
1334905168158	0,0156
1334905169159	0,0156
1334905170160	0,0312
1334905171161	0,0312
1334905172162	0,0312
1334905173163	0,0312
1334905174164	0,0156
1334905175170	0,0155
1334905176195	0,0000
1334905177196	0,0312
1334905178202	0,0310
1334905179203	0,0156
1334905180204	0,0000
1334905181205	0,0156
1334905182221	0,0154
1334905183224	0,0311
1334905184249	0,1065
1334905185251	0,0312
1334905186256	0,0155
1334905187272	0,0154
1334905188273	0,0312
1334905189276	0,0156
1334905190277	0,0312
1334905191306	0,0152
1334905192307	0,0156
1334905193308	0,0156
1334905194325	0,0307
1334905195326	0,0156
1334905196327	0,0156
1334905197357	0,0303
1334905198358	0,0312
1334905199359	0,0156
1334905200375	0,0154
1334905201376	0,0156
1334905202378	0,0156
1334905203408	0,0151
1334905204409	0,0312
1334905205411	0,0156
1334905206426	0,0000
1334905207428	0,0156
1334905208458	0,0303
1334905209459	0,0156
1334905210461	0,0156
1334905211463	0,0156
1334905212464	0,0156
1334905213476	0,0000
1334905214477	0,0156
1334905215478	0,0156
1334905216509	0,0303
1334905217511	0,0156
1334905218514	0,0156
1334905219516	0,0000
1334905220529	0,0308
1334905221540	0,0309
1334905222561	0,0306
1334905223562	0,0156
1334905224567	0,0155
1334905225581	0,0000
1334905226590	0,0155
1334905227611	0,0306
1334905228612	0,0312
1334905229613	0,0312
1334905230617	0,0311
1334905231631	0,0462
1334905232640	0,0464
1334905233641	0,0312
1334905234662	0,0306
1334905235663	0,0312
1334905236667	0,0311
1334905237682	0,0308
1334905238683	0,0312
1334905239684	0,0156
1334905240693	0,0155
1334905241694	0,0312
1334905242695	0,0156
1334905243696	0,0156
1334905244697	0,0312
1334905245713	0,0307
1334905246714	0,0156
1334905247715	0,0312
1334905248716	0,0312
1334905249718	0,0156
1334905250719	0,0312
1334905251720	0,0156
1334905252732	0,0154
1334905253748	0,0307
1334905254754	0,0310
1334905255764	0,0155
1334905256765	0,0312
1334905257766	0,0000
1334905258767	0,0312
1334905259768	0,0312
1334905260769	0,0312
1334905261772	0,0311
1334905262783	0,0154
1334905263784	0,0312
1334905264785	0,0156
1334905265799	0,0154
1334905266800	0,0312
1334905267801	0,0156
1334905268805	0,0311
1334905269814	0,0309
1334905270818	0,0311
1334905271819	0,0312
1334905272827	0,0155
1334905273830	0,0311
1334905274832	0,0156
1334905275833	0,0156
1334905276839	0,0310
1334905277852	0,0462
1334905278856	0,0311
1334905279865	0,0155
1334905280869	0,0155
1334905281870	0,0156
1334905282874	0,0311
1334905283891	0,0153
1334905284904	0,0308
1334905285907	0,0311
1334905286915	0,0155
1334905287919	0,0311
1334905288924	0,0155
1334905289926	0,0312
1334905290930	0,0311
1334905291943	0,0154
1334905292955	0,0154
1334905293958	0,0311
1334905294966	0,0155
1334905295970	0,0311
1334905296980	0,0154
1334905297993	0,0308
1334905299005	0,0308
1334905300006	0,0312
1334905301008	0,0311
1334905302016	0,0155
1334905303020	0,0311
1334905304030	0,0154
1334905305031	0,0312
1334905306052	0,0153
1334905307057	0,0155
1334905308059	0,0468
1334905309060	0,0156
1334905310065	0,0155
1334905311066	0,0312
1334905312069	0,0156
1334905313070	0,0312
1334905314072	0,0311
1334905315076	0,0155
1334905316089	0,0308
1334905317116	0,0152
1334905318121	0,0310
1334905319122	0,0156
1334905320123	0,0156
1334905321129	0,0310
1334905322130	0,0156
1334905323131	0,0156
1334905324132	0,0312
1334905325134	0,0312
1334905326135	0,0312
1334905327144	0,0309
1334905328145	0,0312
1334905329146	0,0312
1334905330164	0,0306
1334905331168	0,0155
1334905332169	0,0623
1334905333170	0,0156
1334905334171	0,0468
1334905335178	0,0155
1334905336179	0,0312
1334905337182	0,0311
1334905338195	0,0154
1334905339197	0,0312
1334905340199	0,0156
1334905341200	0,0156
1334905342201	0,0156
1334905343203	0,0156
1334905344205	0,0311
1334905345234	0,0000
1334905346235	0,0156
1334905347240	0,0310
1334905348243	0,0311
1334905349244	0,0156
1334905350248	0,0155
1334905351249	0,0312
1334905352250	0,0312
1334905353260	0,0309
1334905354261	0,0000
1334905355262	0,0156
1334905356287	0,0152
1334905357290	0,0311
1334905358303	0,0154
1334905359304	0,0312
1334905360312	0,0155
1334905361313	0,0312
1334905362315	0,0000
1334905363316	0,0156
1334905364319	0,0156
1334905365325	0,0155
1334905366327	0,0156
1334905367329	0,0156
1334905368330	0,0156
1334905369331	0,0312
1334905370332	0,0312
1334905371336	0,0155
1334905372341	0,0155
1334905373343	0,0156
1334905374363	0,0000
1334905375366	0,0156
1334905376367	0,0156
1334905377370	0,0311
1334905378393	0,0152
1334905379398	0,0310
1334905380399	0,0156
1334905381400	0,0156
1334905382401	0,0156
1334905383402	0,0156
1334905384416	0,0308
1334905385417	0,0312
1334905386418	0,0468
1334905387419	0,0156
1334905388420	0,0156
1334905389421	0,0312
1334905390422	0,0312
1334905391424	0,0311
1334905392445	0,0153
1334905393446	0,0312
1334905394447	0,0312
1334905395450	0,0311
1334905396454	0,0155
1334905397456	0,0156
1334905398467	0,0154
1334905399468	0,0312
1334905400469	0,0312
1334905401472	0,0000
1334905402489	0,0153
1334905403500	0,0000
1334905404506	0,0155
1334905405507	0,0312
1334905406508	0,0312
1334905407509	0,0468
1334905408510	0,0156
1334905409515	0,0310
1334905410516	0,0312
1334905411517	0,0312
1334905412519	0,0312
1334905413520	0,0156
1334905414522	0,0156
1334905415526	0,0311
1334905416528	0,0000
1334905417529	0,0156
1334905418542	0,0154
1334905419547	0,0155
1334905420548	0,0312
1334905421572	0,0305
1334905422574	0,0156
1334905423575	0,0312
1334905424580	0,0155
1334905425593	0,0154
1334905426594	0,0156
1334905427595	0,0312
1334905428597	0,0156
1334905429624	0,0456
1334905430626	0,0312
1334905431632	0,0465
1334905432633	0,0312
1334905433646	0,0308
1334905434647	0,0312
1334905435648	0,0312
1334905436649	0,0312
1334905437661	0,0000
1334905438662	0,0468
1334905439679	0,0000
1334905440684	0,0000
1334905441703	0,0306
1334905442704	0,0156
1334905443711	0,0310
1334905444712	0,0312
1334905445713	0,0468
1334905446729	0,0000
1334905447731	0,0000
1334905448732	0,0312
1334905449741	0,0155
1334905450762	0,0000
1334905451765	0,0311
1334905452778	0,0154
1334905453780	0,0467
1334905454781	0,0156
1334905455782	0,0312
1334905456784	0,0311
1334905457785	0,0312
1334905458786	0,0468
1334905459787	0,0156
1334905460788	0,0312
1334905461793	0,0310
1334905462813	0,0306
1334905463814	0,0312
1334905464829	0,0154
1334905465830	0,0312
1334905466831	0,0312
1334905467834	0,0311
1334905468835	0,0156
1334905469840	0,0155
1334905470850	0,0154
1334905471851	0,0312
1334905472852	0,0312
1334905473869	0,0307
1334905474870	0,0468
1334905475872	0,0156
1334905476886	0,0308
1334905477887	0,0156
1334905478890	0,0156
1334905479894	0,0311
1334905480895	0,0156
1334905481896	0,0156
1334905482910	0,0308
1334905483912	0,0311
1334905484926	0,0154
1334905485927	0,0312
1334905486938	0,0154
1334905487954	0,0154
1334905488963	0,0000
1334905489964	0,0156
1334905490978	0,0154
1334905491979	0,0312
1334905492980	0,0312
1334905493981	0,0156
1334905494982	0,0312
1334905495983	0,0312
1334905496984	0,0312
1334905497985	0,0312
1334905498986	0,0312
1334905499988	0,0156
1334905500989	0,0156
1334905502021	0,0151
1334905503022	0,0312
1334905504038	0,0154
1334905505039	0,0156
1334905506071	0,0302
1334905507072	0,0156
1334905508073	0,0312
1334905509091	0,0153
1334905510103	0,0308
1334905511109	0,0310
1334905512110	0,0156
1334905513111	0,0312
1334905514112	0,0312
1334905515113	0,0312
1334905516114	0,0156
1334905517116	0,0312
1334905518118	0,0311
1334905519126	0,1548
1334905520166	0,0450
1334905521167	0,1247
1334905522169	0,0934
1334905523176	0,0929
1334905524177	0,0312
1334905525217	0,0000
1334905526219	0,0311
1334905527226	0,0929
1334905528227	0,0623
1334905529254	0,0911
1334905530256	0,0467
1334905531260	0,0311
1334905532277	0,0307
1334905533301	0,1218
1334905534306	0,1243
1334905535310	0,0933
1334905536336	0,0608
1334905537340	0,0466
1334905538346	0,0775
1334905539353	0,0775
1334905540372	0,1378
1334905541404	0,1058
1334905542410	0,0930
1334905543419	0,0464
1334905544426	0,0619
1334905545454	0,0607
1334905546458	0,1554
1334905547462	0,0466
1334905548471	0,0928
1334905549472	0,0312
1334905550474	0,1401
1334905551484	0,0772
1334905552490	0,1553
1334905553491	0,0779
1334905554493	0,1401
1334905555504	0,1544
1334905556520	0,0921
1334905557537	0,0614
1334905558541	0,0932
1334905559553	0,1079
1334905560554	0,1713
1334905561557	0,1712
1334905562560	0,1399
1334905563564	0,1399
1334905564567	0,2022
1334905565569	0,0778
1334905566571	0,1557
1334905567572	0,1090
1334905568587	0,2153
1334905569591	0,0467
1334905570596	0,1087
1334905571598	0,0622
1334905572601	0,1555
1334905573643	0,1498
1334905574646	0,2333
1334905575648	0,1868
1334905576650	0,2335
1334905577653	0,1711
1334905578655	0,1557
1334905579657	0,2490
1334905580661	0,1865
1334905581664	0,1555
1334905582667	0,2332
1334905583669	0,2336
1334905584684	0,2305
1334905585690	0,1551
1334905586691	0,2336
1334905587695	0,2490
1334905588696	0,2025
1334905589700	0,2798
1334905590702	0,3581
1334905591704	0,3892
1334905592707	0,3732
1334905593708	0,2648
1334905594753	0,3286
1334905595757	0,3419
1334905596760	0,4510
1334905597762	0,2956
1334905598767	0,3883
1334905599771	0,2485
1334905600783	0,2621
1334905601854	0,2185
1334905602857	0,2955
1334905603858	0,4205
1334905604865	0,4034
1334905605869	0,3884
1334905606871	0,4049
1334905607877	0,4342
1334905608884	1,5493
1334905609890	1,4264
1334905610894	1,5380
1334905611900	1,5346
1334905612904	1,7408
1334905613908	2,0201
1334905614916	3,0340
1334905615933	2,8676
1334905616937	3,2147
1334905617945	3,3142
1334905618948	3,2348
1334905619954	3,3034
1334905620964	3,3809
1334905621971	3,1788
1334905622976	3,3204
1334905624004	3,1873
1334905625013	3,1691
1334905626018	3,0417
1334905627026	3,4075
1334905628034	3,2945
1334905629038	3,2322
1334905630046	3,2643
1334905631050	3,3896
1334905632084	-72,2739
1334905633116	2,0419
1334905634137	1,9865
1334905635174	2,0000
1334905636213	2,0269
1334905637255	1,9755
1334905638309	2,0134
1334905639355	2,0277
1334905640387	2,0122
1334905641408	1,9863
1334905642436	2,0035
1334905643456	1,9884
1334905644488	2,0259
1334905645515	2,0199
1334905646543	2,2301
1334905647570	2,0196
1334905648601	1,9822
1334905649630	2,0316
1334905650656	2,0371
1334905651683	2,0505
1334905652712	2,0030
1334905653739	1,9896
1334905654765	1,9909
1334905655825	1,9285
1334905656851	2,0059
1334905657889	2,0466
1334905658919	1,9684
1334905659948	1,9709
1334905660983	1,9888
1334905662014	1,9973
1334905663045	2,0275
1334905664086	1,9938
1334905665119	1,9932
1334905666173	1,9976
1334905667205	1,9962
1334905668239	1,9908
1334905669276	1,9713
1334905670313	2,0443
1334905671345	1,9809
1334905672369	2,0267
1334905673434	1,9626
1334905674508	1,9765
1334905675536	1,9890
1334905676574	1,9679
1334905677607	1,9332
1334905678635	1,9878
1334905679670	2,0489
1334905680843	1,5694
1334905682044	0,0130
1334905683195	0,0271
